Set to drop,Result
[],0.4067415730337079
[0],0.4067415730337079
"[0, 1]",0.40561797752808987
"[0, 1, 2]",0.39943820224719095
"[0, 1, 2, 3]",0.4061797752808989
"[0, 1, 2, 3, 4]",0.40337078651685393
"[0, 1, 2, 3, 4, 5]",0.39269662921348314
"[0, 1, 2, 3, 4, 5, 6]",0.34438202247191013
"[0, 1, 2, 3, 4, 5, 6, 7]",0
"[0, 1, 2, 3, 4, 5, 7]",0.21235955056179776
"[0, 1, 2, 3, 4, 6]",0.39831460674157304
"[0, 1, 2, 3, 4, 6, 7]",0.20842696629213484
"[0, 1, 2, 3, 4, 7]",0.21910112359550563
"[0, 1, 2, 3, 5]",0.39662921348314606
"[0, 1, 2, 3, 5, 6]",0.36966292134831463
"[0, 1, 2, 3, 5, 6, 7]",0.2157303370786517
"[0, 1, 2, 3, 5, 7]",0.24213483146067416
"[0, 1, 2, 3, 6]",0.40337078651685393
"[0, 1, 2, 3, 6, 7]",0.25112359550561797
"[0, 1, 2, 3, 7]",0.26235955056179777
"[0, 1, 2, 4]",0.4061797752808989
"[0, 1, 2, 4, 5]",0.39662921348314606
"[0, 1, 2, 4, 5, 6]",0.36966292134831463
"[0, 1, 2, 4, 5, 6, 7]",0.22134831460674156
"[0, 1, 2, 4, 5, 7]",0.2449438202247191
"[0, 1, 2, 4, 6]",0.40337078651685393
"[0, 1, 2, 4, 6, 7]",0.25449438202247193
"[0, 1, 2, 4, 7]",0.26348314606741574
"[0, 1, 2, 5]",0.3960674157303371
"[0, 1, 2, 5, 6]",0.36966292134831463
"[0, 1, 2, 5, 6, 7]",0.22134831460674156
"[0, 1, 2, 5, 7]",0.24606741573033708
"[0, 1, 2, 6]",0.4061797752808989
"[0, 1, 2, 6, 7]",0.25617977528089886
"[0, 1, 2, 7]",0.2651685393258427
"[0, 1, 3]",0.39943820224719095
"[0, 1, 3, 4]",0.4061797752808989
"[0, 1, 3, 4, 5]",0.39775280898876403
"[0, 1, 3, 4, 5, 6]",0.3747191011235955
"[0, 1, 3, 4, 5, 6, 7]",0.24719101123595505
"[0, 1, 3, 4, 5, 7]",0.24157303370786518
"[0, 1, 3, 4, 6]",0.40393258426966294
"[0, 1, 3, 4, 6, 7]",0.2556179775280899
"[0, 1, 3, 4, 7]",0.25449438202247193
"[0, 1, 3, 5]",0.39719101123595507
"[0, 1, 3, 5, 6]",0.3747191011235955
"[0, 1, 3, 5, 6, 7]",0.3808988764044944
"[0, 1, 3, 5, 7]",0.39101123595505616
"[0, 1, 3, 6]",0.4067415730337079
"[0, 1, 3, 6, 7]",0.38595505617977527
"[0, 1, 3, 7]",0.36629213483146067
"[0, 1, 4]",0.39943820224719095
"[0, 1, 4, 5]",0.39719101123595507
"[0, 1, 4, 5, 6]",0.3747191011235955
"[0, 1, 4, 5, 6, 7]",0.38426966292134834
"[0, 1, 4, 5, 7]",0.3938202247191011
"[0, 1, 4, 6]",0.4067415730337079
"[0, 1, 4, 6, 7]",0.38764044943820225
"[0, 1, 4, 7]",0.3691011235955056
"[0, 1, 5]",0.40337078651685393
"[0, 1, 5, 6]",0.3747191011235955
"[0, 1, 5, 6, 7]",0.38426966292134834
"[0, 1, 5, 7]",0.3921348314606742
"[0, 1, 6]",0.40898876404494383
"[0, 1, 6, 7]",0.38426966292134834
"[0, 1, 7]",0.3769662921348314
"[0, 2]",0.40561797752808987
"[0, 2, 3]",0.39943820224719095
"[0, 2, 3, 4]",0.4061797752808989
"[0, 2, 3, 4, 5]",0.39775280898876403
"[0, 2, 3, 4, 5, 6]",0.3741573033707865
"[0, 2, 3, 4, 5, 6, 7]",0.24044943820224718
"[0, 2, 3, 4, 5, 7]",0.2443820224719101
"[0, 2, 3, 4, 6]",0.40393258426966294
"[0, 2, 3, 4, 6, 7]",0.25280898876404495
"[0, 2, 3, 4, 7]",0.25280898876404495
"[0, 2, 3, 5]",0.39719101123595507
"[0, 2, 3, 5, 6]",0.3741573033707865
"[0, 2, 3, 5, 6, 7]",0.38370786516853933
"[0, 2, 3, 5, 7]",0.39269662921348314
"[0, 2, 3, 6]",0.4067415730337079
"[0, 2, 3, 6, 7]",0.3882022471910112
"[0, 2, 3, 7]",0.36741573033707864
"[0, 2, 4]",0.39943820224719095
"[0, 2, 4, 5]",0.39719101123595507
"[0, 2, 4, 5, 6]",0.3741573033707865
"[0, 2, 4, 5, 6, 7]",0.3870786516853932
"[0, 2, 4, 5, 7]",0.3955056179775281
"[0, 2, 4, 6]",0.4067415730337079
"[0, 2, 4, 6, 7]",0.3898876404494382
"[0, 2, 4, 7]",0.3702247191011236
"[0, 2, 5]",0.40337078651685393
"[0, 2, 5, 6]",0.3741573033707865
"[0, 2, 5, 6, 7]",0.3870786516853932
"[0, 2, 5, 7]",0.3921348314606742
"[0, 2, 6]",0.40898876404494383
"[0, 2, 6, 7]",0.3882022471910112
"[0, 2, 7]",0.37808988764044943
"[0, 3]",0.4067415730337079
"[0, 3, 4]",0.4000000000000001
"[0, 3, 4, 5]",0.39719101123595507
"[0, 3, 4, 5, 6]",0.3741573033707865
"[0, 3, 4, 5, 6, 7]",0.24044943820224718
"[0, 3, 4, 5, 7]",0.2449438202247191
"[0, 3, 4, 6]",0.40730337078651685
"[0, 3, 4, 6, 7]",0.25224719101123594
"[0, 3, 4, 7]",0.24943820224719102
"[0, 3, 5]",0.40337078651685393
"[0, 3, 5, 6]",0.3741573033707865
"[0, 3, 5, 6, 7]",0.38370786516853933
"[0, 3, 5, 7]",0.3898876404494382
"[0, 3, 6]",0.4095505617977528
"[0, 3, 6, 7]",0.3870786516853932
"[0, 3, 7]",0.35842696629213483
"[0, 4]",0.4067415730337079
"[0, 4, 5]",0.40337078651685393
"[0, 4, 5, 6]",0.3741573033707865
"[0, 4, 5, 6, 7]",0.3870786516853932
"[0, 4, 5, 7]",0.3932584269662921
"[0, 4, 6]",0.4095505617977528
"[0, 4, 6, 7]",0.38932584269662923
"[0, 4, 7]",0.36067415730337077
"[0, 5]",0.40112359550561794
"[0, 5, 6]",0.3741573033707865
"[0, 5, 6, 7]",0.3870786516853932
"[0, 5, 7]",0.398876404494382
"[0, 6]",0.40730337078651685
"[0, 6, 7]",0.4028089887640449
"[0, 7]",0.3898876404494382
[1],0.4050561797752809
"[1, 2]",0.40112359550561794
"[1, 2, 3]",0.40730337078651685
"[1, 2, 3, 4]",0.40449438202247184
"[1, 2, 3, 4, 5]",0.3938202247191011
"[1, 2, 3, 4, 5, 6]",0.349438202247191
"[1, 2, 3, 4, 5, 6, 7]",0.2612359550561798
"[1, 2, 3, 4, 5, 7]",0.2353932584269663
"[1, 2, 3, 4, 6]",0.39831460674157304
"[1, 2, 3, 4, 6, 7]",0.24157303370786518
"[1, 2, 3, 4, 7]",0.23202247191011235
"[1, 2, 3, 5]",0.39775280898876403
"[1, 2, 3, 5, 6]",0.36741573033707864
"[1, 2, 3, 5, 6, 7]",0.22528089887640448
"[1, 2, 3, 5, 7]",0.24775280898876403
"[1, 2, 3, 6]",0.40337078651685393
"[1, 2, 3, 6, 7]",0.2550561797752809
"[1, 2, 3, 7]",0.25224719101123594
"[1, 2, 4]",0.40730337078651685
"[1, 2, 4, 5]",0.39775280898876403
"[1, 2, 4, 5, 6]",0.36741573033707864
"[1, 2, 4, 5, 6, 7]",0.22528089887640448
"[1, 2, 4, 5, 7]",0.251685393258427
"[1, 2, 4, 6]",0.40337078651685393
"[1, 2, 4, 6, 7]",0.2595505617977528
"[1, 2, 4, 7]",0.2550561797752809
"[1, 2, 5]",0.39719101123595507
"[1, 2, 5, 6]",0.36404494382022473
"[1, 2, 5, 6, 7]",0.22359550561797753
"[1, 2, 5, 7]",0.2533707865168539
"[1, 2, 6]",0.40561797752808987
"[1, 2, 6, 7]",0.26292134831460673
"[1, 2, 7]",0.2662921348314607
"[1, 3]",0.40112359550561794
"[1, 3, 4]",0.40730337078651685
"[1, 3, 4, 5]",0.398876404494382
"[1, 3, 4, 5, 6]",0.36741573033707864
"[1, 3, 4, 5, 6, 7]",0.24269662921348314
"[1, 3, 4, 5, 7]",0.24325842696629213
"[1, 3, 4, 6]",0.40393258426966294
"[1, 3, 4, 6, 7]",0.2640449438202247
"[1, 3, 4, 7]",0.2595505617977528
"[1, 3, 5]",0.39831460674157304
"[1, 3, 5, 6]",0.36404494382022473
"[1, 3, 5, 6, 7]",0.38595505617977527
"[1, 3, 5, 7]",0.3932584269662921
"[1, 3, 6]",0.4061797752808989
"[1, 3, 6, 7]",0.3853932584269663
"[1, 3, 7]",0.3646067415730337
"[1, 4]",0.40112359550561794
"[1, 4, 5]",0.39831460674157304
"[1, 4, 5, 6]",0.36404494382022473
"[1, 4, 5, 6, 7]",0.3882022471910112
"[1, 4, 5, 7]",0.39494382022471913
"[1, 4, 6]",0.4061797752808989
"[1, 4, 6, 7]",0.3887640449438202
"[1, 4, 7]",0.36741573033707864
"[1, 5]",0.40337078651685393
"[1, 5, 6]",0.36404494382022473
"[1, 5, 6, 7]",0.38764044943820225
"[1, 5, 7]",0.3921348314606742
"[1, 6]",0.40898876404494383
"[1, 6, 7]",0.3853932584269663
"[1, 7]",0.3730337078651685
[2],0.4050561797752809
"[2, 3]",0.40112359550561794
"[2, 3, 4]",0.40730337078651685
"[2, 3, 4, 5]",0.398876404494382
"[2, 3, 4, 5, 6]",0.36741573033707864
"[2, 3, 4, 5, 6, 7]",0.2398876404494382
"[2, 3, 4, 5, 7]",0.2449438202247191
"[2, 3, 4, 6]",0.40393258426966294
"[2, 3, 4, 6, 7]",0.26179775280898876
"[2, 3, 4, 7]",0.25786516853932584
"[2, 3, 5]",0.39831460674157304
"[2, 3, 5, 6]",0.36404494382022473
"[2, 3, 5, 6, 7]",0.3887640449438202
"[2, 3, 5, 7]",0.3960674157303371
"[2, 3, 6]",0.4061797752808989
"[2, 3, 6, 7]",0.38764044943820225
"[2, 3, 7]",0.36573033707865177
"[2, 4]",0.40112359550561794
"[2, 4, 5]",0.39831460674157304
"[2, 4, 5, 6]",0.36404494382022473
"[2, 4, 5, 6, 7]",0.39101123595505616
"[2, 4, 5, 7]",0.39775280898876403
"[2, 4, 6]",0.4061797752808989
"[2, 4, 6, 7]",0.39101123595505616
"[2, 4, 7]",0.3685393258426966
"[2, 5]",0.40337078651685393
"[2, 5, 6]",0.36404494382022473
"[2, 5, 6, 7]",0.3904494382022472
"[2, 5, 7]",0.39269662921348314
"[2, 6]",0.40898876404494383
"[2, 6, 7]",0.3882022471910112
"[2, 7]",0.3741573033707865
[3],0.4061797752808989
"[3, 4]",0.40168539325842695
"[3, 4, 5]",0.39831460674157304
"[3, 4, 5, 6]",0.36404494382022473
"[3, 4, 5, 6, 7]",0.23595505617977527
"[3, 4, 5, 7]",0.24213483146067416
"[3, 4, 6]",0.4067415730337079
"[3, 4, 6, 7]",0.2556179775280899
"[3, 4, 7]",0.250561797752809
"[3, 5]",0.40337078651685393
"[3, 5, 6]",0.36404494382022473
"[3, 5, 6, 7]",0.3865168539325843
"[3, 5, 7]",0.3904494382022472
"[3, 6]",0.4095505617977528
"[3, 6, 7]",0.3882022471910112
"[3, 7]",0.35898876404494384
[4],0.4061797752808989
"[4, 5]",0.40337078651685393
"[4, 5, 6]",0.36404494382022473
"[4, 5, 6, 7]",0.3887640449438202
"[4, 5, 7]",0.3932584269662921
"[4, 6]",0.4095505617977528
"[4, 6, 7]",0.3904494382022472
"[4, 7]",0.3617977528089887
[5],0.40112359550561794
"[5, 6]",0.36404494382022473
"[5, 6, 7]",0.38932584269662923
"[5, 7]",0.39662921348314606
[6],0.40730337078651685
"[6, 7]",0.40337078651685393
[7],0.38426966292134834
