Set to drop,Result
[],0.3404494382022472
[0],0.3404494382022472
"[0, 1]",0.34213483146067414
"[0, 1, 2]",0.34269662921348315
"[0, 1, 2, 3]",0.3382022471910112
"[0, 1, 2, 3, 4]",0.3404494382022472
"[0, 1, 2, 3, 4, 5]",0.33370786516853934
"[0, 1, 2, 3, 4, 5, 6]",0.31348314606741573
"[0, 1, 2, 3, 4, 5, 6, 7]",0
"[0, 1, 2, 3, 4, 5, 7]",0.18370786516853932
"[0, 1, 2, 3, 4, 6]",0.32078651685393256
"[0, 1, 2, 3, 4, 6, 7]",0.19157303370786516
"[0, 1, 2, 3, 4, 7]",0.18707865168539325
"[0, 1, 2, 3, 5]",0.3348314606741573
"[0, 1, 2, 3, 5, 6]",0.30730337078651687
"[0, 1, 2, 3, 5, 6, 7]",0.2050561797752809
"[0, 1, 2, 3, 5, 7]",0.21797752808988763
"[0, 1, 2, 3, 6]",0.3146067415730337
"[0, 1, 2, 3, 6, 7]",0.2162921348314607
"[0, 1, 2, 3, 7]",0.20674157303370783
"[0, 1, 2, 4]",0.3382022471910112
"[0, 1, 2, 4, 5]",0.3348314606741573
"[0, 1, 2, 4, 5, 6]",0.30674157303370786
"[0, 1, 2, 4, 5, 6, 7]",0.19269662921348316
"[0, 1, 2, 4, 5, 7]",0.21853932584269667
"[0, 1, 2, 4, 6]",0.3146067415730337
"[0, 1, 2, 4, 6, 7]",0.2151685393258427
"[0, 1, 2, 4, 7]",0.2112359550561798
"[0, 1, 2, 5]",0.3348314606741573
"[0, 1, 2, 5, 6]",0.30674157303370786
"[0, 1, 2, 5, 6, 7]",0.19269662921348316
"[0, 1, 2, 5, 7]",0.21853932584269667
"[0, 1, 2, 6]",0.3146067415730337
"[0, 1, 2, 6, 7]",0.2157303370786517
"[0, 1, 2, 7]",0.21179775280898877
"[0, 1, 3]",0.34269662921348315
"[0, 1, 3, 4]",0.3382022471910112
"[0, 1, 3, 4, 5]",0.3348314606741573
"[0, 1, 3, 4, 5, 6]",0.3101123595505618
"[0, 1, 3, 4, 5, 6, 7]",0.1752808988764045
"[0, 1, 3, 4, 5, 7]",0.20393258426966293
"[0, 1, 3, 4, 6]",0.3146067415730337
"[0, 1, 3, 4, 6, 7]",0.2095505617977528
"[0, 1, 3, 4, 7]",0.20337078651685395
"[0, 1, 3, 5]",0.3348314606741573
"[0, 1, 3, 5, 6]",0.3101123595505618
"[0, 1, 3, 5, 6, 7]",0.3089887640449438
"[0, 1, 3, 5, 7]",0.33202247191011236
"[0, 1, 3, 6]",0.3146067415730337
"[0, 1, 3, 6, 7]",0.3112359550561798
"[0, 1, 3, 7]",0.33314606741573033
"[0, 1, 4]",0.34269662921348315
"[0, 1, 4, 5]",0.3348314606741573
"[0, 1, 4, 5, 6]",0.3101123595505618
"[0, 1, 4, 5, 6, 7]",0.3112359550561798
"[0, 1, 4, 5, 7]",0.3325842696629214
"[0, 1, 4, 6]",0.3146067415730337
"[0, 1, 4, 6, 7]",0.31235955056179776
"[0, 1, 4, 7]",0.33370786516853934
"[0, 1, 5]",0.3342696629213483
"[0, 1, 5, 6]",0.3101123595505618
"[0, 1, 5, 6, 7]",0.3112359550561798
"[0, 1, 5, 7]",0.33370786516853934
"[0, 1, 6]",0.31348314606741573
"[0, 1, 6, 7]",0.31179775280898875
"[0, 1, 7]",0.3342696629213483
"[0, 2]",0.34213483146067414
"[0, 2, 3]",0.34269662921348315
"[0, 2, 3, 4]",0.3382022471910112
"[0, 2, 3, 4, 5]",0.3348314606741573
"[0, 2, 3, 4, 5, 6]",0.3095505617977528
"[0, 2, 3, 4, 5, 6, 7]",0.1707865168539326
"[0, 2, 3, 4, 5, 7]",0.20898876404494385
"[0, 2, 3, 4, 6]",0.3146067415730337
"[0, 2, 3, 4, 6, 7]",0.20786516853932585
"[0, 2, 3, 4, 7]",0.20449438202247192
"[0, 2, 3, 5]",0.3348314606741573
"[0, 2, 3, 5, 6]",0.3095505617977528
"[0, 2, 3, 5, 6, 7]",0.31404494382022474
"[0, 2, 3, 5, 7]",0.33370786516853934
"[0, 2, 3, 6]",0.3146067415730337
"[0, 2, 3, 6, 7]",0.3101123595505618
"[0, 2, 3, 7]",0.3325842696629214
"[0, 2, 4]",0.34269662921348315
"[0, 2, 4, 5]",0.3348314606741573
"[0, 2, 4, 5, 6]",0.3095505617977528
"[0, 2, 4, 5, 6, 7]",0.3162921348314607
"[0, 2, 4, 5, 7]",0.3342696629213483
"[0, 2, 4, 6]",0.3146067415730337
"[0, 2, 4, 6, 7]",0.3112359550561798
"[0, 2, 4, 7]",0.33314606741573033
"[0, 2, 5]",0.3342696629213483
"[0, 2, 5, 6]",0.3095505617977528
"[0, 2, 5, 6, 7]",0.3162921348314607
"[0, 2, 5, 7]",0.33539325842696627
"[0, 2, 6]",0.31348314606741573
"[0, 2, 6, 7]",0.3112359550561798
"[0, 2, 7]",0.33370786516853934
"[0, 3]",0.34213483146067414
"[0, 3, 4]",0.34269662921348315
"[0, 3, 4, 5]",0.3348314606741573
"[0, 3, 4, 5, 6]",0.3095505617977528
"[0, 3, 4, 5, 6, 7]",0.1707865168539326
"[0, 3, 4, 5, 7]",0.20898876404494385
"[0, 3, 4, 6]",0.3146067415730337
"[0, 3, 4, 6, 7]",0.20730337078651687
"[0, 3, 4, 7]",0.2050561797752809
"[0, 3, 5]",0.3342696629213483
"[0, 3, 5, 6]",0.3095505617977528
"[0, 3, 5, 6, 7]",0.31404494382022474
"[0, 3, 5, 7]",0.33370786516853934
"[0, 3, 6]",0.31348314606741573
"[0, 3, 6, 7]",0.3106741573033708
"[0, 3, 7]",0.3365168539325843
"[0, 4]",0.34213483146067414
"[0, 4, 5]",0.3342696629213483
"[0, 4, 5, 6]",0.3095505617977528
"[0, 4, 5, 6, 7]",0.3162921348314607
"[0, 4, 5, 7]",0.3348314606741573
"[0, 4, 6]",0.31348314606741573
"[0, 4, 6, 7]",0.31179775280898875
"[0, 4, 7]",0.3365168539325843
"[0, 5]",0.3342696629213483
"[0, 5, 6]",0.3095505617977528
"[0, 5, 6, 7]",0.3162921348314607
"[0, 5, 7]",0.33370786516853934
"[0, 6]",0.31348314606741573
"[0, 6, 7]",0.3129213483146067
"[0, 7]",0.3365168539325843
[1],0.34213483146067414
"[1, 2]",0.34269662921348315
"[1, 2, 3]",0.33876404494382023
"[1, 2, 3, 4]",0.3438202247191011
"[1, 2, 3, 4, 5]",0.3393258426966292
"[1, 2, 3, 4, 5, 6]",0.32640449438202246
"[1, 2, 3, 4, 5, 6, 7]",0.2247191011235955
"[1, 2, 3, 4, 5, 7]",0.24943820224719102
"[1, 2, 3, 4, 6]",0.3297752808988764
"[1, 2, 3, 4, 6, 7]",0.23426966292134832
"[1, 2, 3, 4, 7]",0.2168539325842697
"[1, 2, 3, 5]",0.3348314606741573
"[1, 2, 3, 5, 6]",0.29775280898876405
"[1, 2, 3, 5, 6, 7]",0.21910112359550563
"[1, 2, 3, 5, 7]",0.22752808988764045
"[1, 2, 3, 6]",0.3162921348314607
"[1, 2, 3, 6, 7]",0.2140449438202247
"[1, 2, 3, 7]",0.20561797752808988
"[1, 2, 4]",0.33876404494382023
"[1, 2, 4, 5]",0.3348314606741573
"[1, 2, 4, 5, 6]",0.29775280898876405
"[1, 2, 4, 5, 6, 7]",0.22191011235955055
"[1, 2, 4, 5, 7]",0.22808988764044943
"[1, 2, 4, 6]",0.3162921348314607
"[1, 2, 4, 6, 7]",0.21460674157303372
"[1, 2, 4, 7]",0.2101123595505618
"[1, 2, 5]",0.3348314606741573
"[1, 2, 5, 6]",0.29606741573033707
"[1, 2, 5, 6, 7]",0.22359550561797753
"[1, 2, 5, 7]",0.22247191011235956
"[1, 2, 6]",0.3146067415730337
"[1, 2, 6, 7]",0.21741573033707864
"[1, 2, 7]",0.21179775280898877
"[1, 3]",0.34269662921348315
"[1, 3, 4]",0.33876404494382023
"[1, 3, 4, 5]",0.3348314606741573
"[1, 3, 4, 5, 6]",0.29775280898876405
"[1, 3, 4, 5, 6, 7]",0.21067415730337075
"[1, 3, 4, 5, 7]",0.20449438202247192
"[1, 3, 4, 6]",0.3162921348314607
"[1, 3, 4, 6, 7]",0.22134831460674156
"[1, 3, 4, 7]",0.20730337078651687
"[1, 3, 5]",0.3348314606741573
"[1, 3, 5, 6]",0.29606741573033707
"[1, 3, 5, 6, 7]",0.30337078651685395
"[1, 3, 5, 7]",0.3235955056179775
"[1, 3, 6]",0.3146067415730337
"[1, 3, 6, 7]",0.30730337078651687
"[1, 3, 7]",0.32865168539325845
"[1, 4]",0.34269662921348315
"[1, 4, 5]",0.3348314606741573
"[1, 4, 5, 6]",0.29606741573033707
"[1, 4, 5, 6, 7]",0.3056179775280899
"[1, 4, 5, 7]",0.32471910112359553
"[1, 4, 6]",0.3146067415730337
"[1, 4, 6, 7]",0.30842696629213484
"[1, 4, 7]",0.3292134831460674
"[1, 5]",0.3342696629213483
"[1, 5, 6]",0.29606741573033707
"[1, 5, 6, 7]",0.3089887640449438
"[1, 5, 7]",0.3292134831460674
"[1, 6]",0.31348314606741573
"[1, 6, 7]",0.3112359550561798
"[1, 7]",0.33146067415730335
[2],0.34213483146067414
"[2, 3]",0.34269662921348315
"[2, 3, 4]",0.33876404494382023
"[2, 3, 4, 5]",0.3348314606741573
"[2, 3, 4, 5, 6]",0.29775280898876405
"[2, 3, 4, 5, 6, 7]",0.20617977528089887
"[2, 3, 4, 5, 7]",0.20617977528089887
"[2, 3, 4, 6]",0.3162921348314607
"[2, 3, 4, 6, 7]",0.22078651685393258
"[2, 3, 4, 7]",0.20898876404494385
"[2, 3, 5]",0.3348314606741573
"[2, 3, 5, 6]",0.29606741573033707
"[2, 3, 5, 6, 7]",0.3050561797752809
"[2, 3, 5, 7]",0.3252808988764045
"[2, 3, 6]",0.3146067415730337
"[2, 3, 6, 7]",0.3061797752808989
"[2, 3, 7]",0.32752808988764043
"[2, 4]",0.34269662921348315
"[2, 4, 5]",0.3348314606741573
"[2, 4, 5, 6]",0.29606741573033707
"[2, 4, 5, 6, 7]",0.30730337078651687
"[2, 4, 5, 7]",0.32640449438202246
"[2, 4, 6]",0.3146067415730337
"[2, 4, 6, 7]",0.30730337078651687
"[2, 4, 7]",0.32808988764044944
"[2, 5]",0.3342696629213483
"[2, 5, 6]",0.29606741573033707
"[2, 5, 6, 7]",0.3095505617977528
"[2, 5, 7]",0.3303370786516854
"[2, 6]",0.31348314606741573
"[2, 6, 7]",0.3101123595505618
"[2, 7]",0.3308988764044944
[3],0.34213483146067414
"[3, 4]",0.34269662921348315
"[3, 4, 5]",0.3348314606741573
"[3, 4, 5, 6]",0.29606741573033707
"[3, 4, 5, 6, 7]",0.20056179775280897
"[3, 4, 5, 7]",0.2101123595505618
"[3, 4, 6]",0.3146067415730337
"[3, 4, 6, 7]",0.22191011235955055
"[3, 4, 7]",0.20617977528089887
"[3, 5]",0.3342696629213483
"[3, 5, 6]",0.29606741573033707
"[3, 5, 6, 7]",0.3061797752808989
"[3, 5, 7]",0.3303370786516854
"[3, 6]",0.31348314606741573
"[3, 6, 7]",0.30842696629213484
"[3, 7]",0.33370786516853934
[4],0.34213483146067414
"[4, 5]",0.3342696629213483
"[4, 5, 6]",0.29606741573033707
"[4, 5, 6, 7]",0.30842696629213484
"[4, 5, 7]",0.33146067415730335
"[4, 6]",0.31348314606741573
"[4, 6, 7]",0.3095505617977528
"[4, 7]",0.33370786516853934
[5],0.3342696629213483
"[5, 6]",0.29606741573033707
"[5, 6, 7]",0.3112359550561798
"[5, 7]",0.33314606741573033
[6],0.31348314606741573
"[6, 7]",0.31404494382022474
[7],0.3365168539325843
